4531.76415247
4662.80464247
4848.88395247
4945.93671247
5074.03167247
5221.10008247
5334.18414247
5437.19333247
5565.25191247
5751.33122247
5907.43233247
6070.49566247
6201.53615247
6348.60456247
6476.69952247
6563.73155247
6676.81561247
6823.88402247
6951.94260247
7038.97463247
7110.01174247
7207.06450247
7370.12783247
7526.22894247
7641.25588247
7756.28282247
7859.29201247
7988.33460247
8103.36154247
8190.39357247
8277.42560247
8406.46819247
8509.47738247
8608.54579247
8707.61420247
8778.65131247
8893.67825247
8980.71028247
9109.75287247
9240.79336247
9396.89447247
9559.95780247
9674.98474247
9861.06405247
9976.09099247
10113.1499025
10244.1903925
10372.2489725
10473.2966525
10659.3759625
10815.4770725
10946.5175625
11045.5859725
11201.6870825
11304.6962725
11407.7054625
11521.7483925
11622.7960725
11736.8390025
11922.9183125
12036.9612425
12174.0201525
12305.0606425
12433.1192225
12570.1781325
12733.2414625
12896.3047925
12967.3419025
13054.3739325
13217.4372625
13403.5165725
13566.5799025
13697.6203925
13784.6524225
13947.7157525
14084.7746625
14270.8539725
14398.9125525
14527.0075125
14640.0915725
14727.1236025
